tensor([[[[16.0000],
          [16.0000],
          [15.9844],
          ...,
          [ 0.0000],
          [ 0.0000],
          [ 0.0000]],

         [[16.0000],
          [16.0000],
          [15.9775],
          ...,
          [ 0.0000],
          [ 0.0000],
          [ 0.0000]],

         [[16.0000],
          [16.0000],
          [15.9844],
          ...,
          [ 0.0000],
          [ 0.0000],
          [ 0.0000]],

         ...,

         [[16.0000],
          [16.0000],
          [15.9785],
          ...,
          [ 0.0000],
          [ 0.0000],
          [ 0.0000]],

         [[16.0000],
          [16.0312],
          [16.0156],
          ...,
          [ 0.0000],
          [ 0.0000],
          [ 0.0000]],

         [[16.0000],
          [16.0312],
          [15.9824],
          ...,
          [ 0.0000],
          [ 0.0000],
          [ 0.0000]]]], device='cuda:0', dtype=torch.float64)




tensor([[[[15.2500],
          [15.2277],
          [15.2709],
          ...,
          [ 0.0000],
          [ 0.0000],
          [ 0.0000]],

         [[15.3125],
          [15.2826],
          [15.3275],
          ...,
          [ 0.0000],
          [ 0.0000],
          [ 0.0000]],

         [[15.1250],
          [15.1250],
          [15.1398],
          ...,
          [ 0.0000],
          [ 0.0000],
          [ 0.0000]],

         ...,

         [[15.0625],
          [15.0478],
          [15.0478],
          ...,
          [ 0.0000],
          [ 0.0000],
          [ 0.0000]],

         [[15.5000],
          [15.5000],
          [15.4697],
          ...,
          [ 0.0000],
          [ 0.0000],
          [ 0.0000]],

         [[15.3125],
          [15.3424],
          [15.3275],
          ...,
          [ 0.0000],
          [ 0.0000],
          [ 0.0000]]]], device='cuda:0', dtype=torch.float64)